0 1
0 2
0 3
1 4
1 5
2 6
2 4
2 7
3 6
3 8
3 9
101 107
101 97
101 98
107 102
107 112
97 95
97 102
98 103
98 95
237 233
237 241
233 238
233 228
233 235
241 244
241 238
104 100
104 110
104 99
100 96
110 115
99 96
99 105
99 106
60 58
60 62
58 55
62 64
51 50
51 53
50 52
50 49
53 56
220 215
215 210
285 289
285 290
285 279
289 284
290 293
279 284
279 273
150 154
150 155
150 146
154 159
155 160
146 142
282 275
282 287
275 280
275 269
287 288
45 46
45 44
46 47
44 42
133 128
133 137
133 138
128 134
128 122
137 141
138 141
138 134
280 274
280 286
274 268
274 281
274 269
286 281
286 291
286 292
81 78
81 83
81 79
78 76
83 85
79 76
189 194
189 184
194 188
194 198
194 197
184 188
184 179
184 190
73 75
73 71
75 77
71 69
166 164
166 161
164 168
164 159
161 159
161 156
152 157
152 148
157 162
157 153
148 145
148 144
148 153
109 114
109 103
114 119
69 67
67 65
249 247
249 251
247 245
251 253
256 253
256 258
258 260
258 261
96 94
105 111
106 111
195 191
195 199
191 185
199 204
132 127
132 136
127 131
127 121
136 140
170 174
170 167
174 171
174 178
167 162
167 171
167 163
77 80
129 124
129 126
124 119
126 131
126 121
252 254
252 250
252 255
254 257
250 248
255 257
177 173
177 181
173 169
181 186
102 108
112 108
112 117
172 168
172 176
176 180
76 74
74 72
257 259
259 262
259 263
266 272
266 261
272 278
272 267
261 264
261 267
56 59
30 34
30 27
30 35
34 31
34 38
27 22
27 31
35 39
111 116
208 203
208 211
208 213
203 198
203 206
211 216
211 206
213 218
213 216
26 20
26 29
20 25
20 12
29 33
188 183
188 193
183 179
183 178
183 187
193 197
193 187
72 70
70 68
6 14
6 15
14 21
14 7
15 8
108 113
113 117
113 118
52 54
52 55
54 57
55 57
158 162
158 153
158 163
153 149
201 198
201 206
201 197
197 202
31 36
31 28
38 36
38 41
180 185
85 87
171 175
178 175
178 182
169 165
165 160
141 144
141 145
144 149
140 143
143 147
68 66
47 48
48 49
39 42
36 32
36 40
32 37
32 28
40 41
40 37
271 276
271 265
271 277
276 283
265 260
277 283
23 17
23 28
17 9
17 22
28 22
41 43
90 92
90 88
92 94
88 86
147 151
151 156
125 120
125 130
120 115
130 135
179 175
262 268
263 268
263 269
59 61
61 63
187 182
243 240
243 246
240 236
246 248
8 16
16 22
16 9
95 93
93 91
121 116
202 207
207 212
210 205
278 273
278 284
273 267
4 10
4 11
10 18
10 7
11 18
11 5
11 19
18 24
5 12
5 13
19 25
19 12
19 24
204 209
230 225
230 234
225 219
234 239
139 142
139 135
212 217
217 222
86 84
218 221
218 223
218 224
221 216
221 226
223 228
223 226
223 229
224 229
89 91
89 87
117 122
118 123
245 242
242 239
186 192
214 219
214 209
228 231
231 226
231 235
66 65
65 63
288 283
260 264
222 227
192 196
196 200
236 232
205 200
232 227
264 270
270 267
82 84
82 80
