0 1
0 2
0 3
1 4
1 5
2 6
3 6
3 7
3 4
180 172
180 171
180 189
180 188
172 162
172 181
172 161
171 179
171 161
171 159
189 195
189 181
188 179
220 215
220 214
220 227
220 228
215 222
215 205
215 223
214 205
214 206
214 221
227 234
227 235
227 221
228 236
228 222
228 235
236 230
236 243
236 244
230 222
230 238
230 239
243 235
243 250
243 249
244 250
244 238
247 245
247 241
247 251
245 237
245 240
241 234
241 248
241 237
251 248
103 118
103 91
103 89
103 119
118 133
118 134
118 104
91 77
91 106
91 75
89 104
89 74
89 75
119 135
119 133
119 106
138 125
138 123
125 110
125 111
123 107
123 111
59 74
59 46
59 75
59 45
74 60
74 90
46 35
46 36
46 61
75 61
45 34
45 35
45 60
50 65
50 66
50 38
50 64
65 82
65 81
66 82
66 51
66 83
38 48
38 51
38 27
64 48
64 79
64 81
167 155
167 156
167 177
155 166
155 144
155 143
156 144
156 168
156 145
177 166
177 186
177 185
82 96
82 97
83 92
83 97
128 142
128 114
128 141
128 113
142 153
142 129
142 154
114 99
114 129
114 100
141 153
141 127
141 151
113 98
113 127
113 99
34 24
34 25
24 35
24 17
24 18
25 17
25 19
234 229
234 242
229 237
229 224
229 221
242 248
242 235
242 249
48 37
48 63
37 49
37 27
37 28
63 79
63 49
63 80
166 176
166 154
176 165
176 185
176 184
154 165
154 143
175 164
175 182
164 152
164 151
164 173
182 173
43 57
43 53
43 32
43 33
57 69
57 44
53 68
53 40
53 69
32 40
32 23
32 22
33 29
33 44
33 23
26 20
26 35
26 36
26 18
20 29
20 23
20 13
36 29
36 47
18 11
18 13
179 170
179 187
170 178
170 158
170 159
187 178
98 85
98 112
98 88
85 68
85 70
85 99
112 126
112 127
112 102
88 70
88 102
88 71
6 11
6 12
11 7
11 17
12 17
12 19
237 232
224 232
224 216
224 217
221 216
4 8
4 9
5 8
5 10
209 201
201 208
201 210
201 194
222 231
231 223
231 239
136 120
136 148
136 121
120 134
120 104
120 105
148 134
148 160
121 107
121 105
162 150
150 137
150 161
202 195
202 196
202 211
202 212
195 190
196 190
196 203
196 204
211 204
211 219
212 219
139 126
139 127
139 151
139 152
126 117
126 140
151 163
152 140
248 252
252 255
252 249
7 9
7 13
9 15
9 16
13 16
77 62
77 61
77 93
62 47
62 52
62 78
61 47
93 108
93 78
93 106
254 250
250 253
191 183
191 198
191 184
183 173
183 174
198 205
198 192
198 206
184 192
184 174
163 153
163 173
163 174
153 165
174 165
206 216
206 199
253 249
253 255
135 149
135 146
135 122
149 159
149 137
149 161
146 133
146 158
146 159
122 108
122 137
122 106
144 131
144 130
168 157
145 131
145 157
87 69
87 100
87 101
69 86
100 86
100 115
101 115
101 116
134 147
160 169
160 147
110 96
111 96
111 97
208 218
208 217
208 200
218 225
218 210
217 207
217 225
200 193
200 207
200 194
29 39
44 39
44 58
23 16
193 185
193 199
193 186
185 192
199 207
199 192
186 194
207 216
8 14
8 15
14 21
14 10
15 21
15 22
232 240
232 225
68 54
68 86
54 40
54 41
54 70
86 99
92 76
92 105
92 107
76 60
76 90
105 90
107 97
39 47
39 52
190 181
190 197
197 203
178 169
21 30
21 31
22 30
22 16
233 226
226 219
73 67
73 58
67 84
67 52
67 78
58 52
30 40
30 41
31 41
31 42
203 213
213 204
238 246
41 55
70 55
27 19
28 19
84 94
94 108
94 78
129 143
129 115
137 124
79 95
95 80
95 109
108 124
104 90
102 117
56 42
56 72
42 55
133 147
147 158
169 158
55 71
117 132
115 130
116 131
116 130
239 246
130 143
