0 1261
0 1987
1 14
1 870
1 1599
1 1909
2 491
2 1793
2 2449
3 1898
3 2251
4 828
4 1107
4 1613
4 1614
5 407
5 409
5 487
5 1662
6 321
6 821
7 897
7 1108
8 417
8 1447
8 1515
9 453
9 1268
9 1393
9 1502
10 394
10 1132
10 1317
11 1227
11 1446
11 2068
11 2136
12 136
12 1695
12 2106
13 87
13 1384
13 2041
14 1144
14 1642
14 1815
15 716
15 1410
15 2019
15 2233
16 1109
16 1136
16 1612
16 1904
17 150
17 1066
17 1964
18 758
18 1508
18 2348
19 202
19 365
19 619
20 485
20 1355
21 672
21 1027
21 1327
21 1684
22 472
22 679
22 1606
22 1884
23 1426
23 1439
23 1501
23 1810
24 714
24 921
25 849
25 1192
25 2368
26 1461
26 2319
27 372
27 587
27 2296
28 718
28 720
28 1851
28 1944
29 114
29 2076
30 958
30 1511
31 702
31 813
31 1383
31 2271
32 302
32 460
32 2188
33 1191
33 1483
33 1565
34 1483
34 1985
34 2133
35 259
35 1020
36 1016
36 1560
36 2025
36 2240
37 1028
37 2124
38 858
38 1376
39 1081
39 1085
39 1320
39 1622
40 92
40 1233
40 2138
41 576
41 714
42 407
42 1343
42 1662
42 1768
43 272
43 1456
44 376
44 1730
45 1378
45 2133
45 2383
46 1701
46 2059
46 2096
47 910
47 2003
48 1091
48 1529
48 1649
48 1741
49 441
49 1706
49 1795
49 1839
50 838
50 1667
51 1297
51 1969
51 1972
52 762
52 1142
52 1211
52 2305
53 1917
53 2412
54 579
54 852
54 1780
54 2219
55 322
55 1651
56 744
56 1065
56 1269
56 1580
57 82
57 97
57 1560
57 2161
58 658
58 2007
59 60
59 1782
59 1872
59 2049
60 692
60 1133
60 1222
61 1102
61 1141
61 1875
62 682
62 804
62 1230
62 2333
63 110
63 2369
64 426
64 1240
64 1975
65 926
65 1250
66 515
66 620
66 1096
67 558
67 1956
68 82
68 433
68 1602
68 2161
69 1505
69 1830
70 1338
70 1642
70 1785
70 1815
71 106
71 1087
71 2016
71 2386
72 524
72 2303
73 730
73 978
73 1495
73 1714
74 782
74 1334
75 844
75 1224
76 299
76 306
76 1605
76 1648
77 186
77 191
78 127
78 2382
78 2417
79 499
79 966
79 981
79 2102
80 1461
80 2270
81 301
81 863
81 2139
81 2358
82 1255
82 1690
83 375
83 2105
84 528
84 964
84 1400
84 1581
85 711
85 797
85 2182
86 414
86 2427
87 168
87 466
87 621
88 254
88 1120
88 1485
88 1954
89 195
89 1139
89 1685
89 1809
90 244
90 1628
90 1722
90 1990
91 270
91 680
91 825
91 1259
92 837
92 1756
92 1912
93 659
93 882
93 1503
93 1569
94 358
94 404
94 1663
95 549
95 624
95 2055
96 196
96 1352
97 144
97 274
97 2311
98 384
98 1784
98 2338
99 1309
99 2118
100 1168
100 1266
100 1858
101 283
101 300
101 773
102 1700
102 1834
103 514
103 1283
103 1451
103 1885
104 701
104 978
104 1002
104 1609
105 495
105 663
105 2015
106 580
107 281
107 639
108 345
108 1557
108 2060
109 753
109 1052
109 1469
109 2050
110 795
110 1219
111 371
111 1739
112 201
112 2008
113 1318
113 1650
113 1754
113 2090
114 255
115 555
115 1510
115 1576
115 2307
116 156
116 1074
116 1100
116 2107
117 1186
117 1617
118 718
118 1889
118 1901
118 1944
119 1237
119 1407
120 1561
120 1856
121 450
121 671
121 1116
122 623
122 1688
123 311
123 674
123 2437
124 1277
124 1638
125 898
125 924
125 1774
125 2109
126 622
126 1292
127 284
127 1047
128 1085
128 1103
128 1320
128 1819
129 424
129 1223
129 1724
129 1790
130 920
130 1792
130 1899
130 2122
131 298
131 494
132 313
132 1605
132 1957
133 597
133 1412
133 1533
133 1861
134 1317
134 1857
134 2157
135 643
135 1124
136 957
136 1188
136 1867
137 490
137 682
137 2053
137 2333
138 167
138 2143
139 291
139 470
139 664
139 1489
140 191
140 442
141 497
141 1010
141 1274
141 2238
142 929
142 1095
142 2123
143 766
143 1524
144 293
144 1307
144 2161
145 290
145 399
145 2164
146 354
146 391
146 1023
146 2183
147 710
147 1137
147 1366
147 2261
148 813
148 2031
149 559
149 1009
149 1218
149 1468
150 974
150 1109
150 1585
151 154
151 239
151 1583
151 2209
152 157
152 866
152 1200
153 455
153 1114
153 1422
153 1907
154 411
154 863
154 2139
155 431
155 1199
155 1229
155 2101
156 332
156 1521
157 2378
158 1016
158 1437
158 2025
158 2155
159 675
159 720
159 928
159 2319
160 1817
160 2244
161 1186
161 1196
161 2315
162 310
162 1036
162 1656
162 1943
163 1840
163 2314
163 2354
164 196
164 2165
165 1252
165 1447
165 2191
166 2258
166 2290
166 2336
167 2360
168 1010
168 1384
169 571
169 831
169 1924
170 586
170 991
171 433
171 465
171 1370
171 2052
172 491
172 1578
172 2449
173 435
173 989
173 1634
173 2398
174 251
174 817
175 715
175 883
175 1106
175 2223
176 435
176 989
176 2017
177 787
177 1039
177 1353
177 1394
178 1088
178 1424
179 541
179 544
179 1611
179 1835
180 219
180 231
180 2329
180 2340
181 1309
181 1721
182 342
182 1225
182 1592
182 2200
183 521
183 650
183 1492
184 286
184 1532
184 2187
184 2320
185 484
185 1125
185 1153
185 1807
187 888
187 1747
187 2176
188 470
188 1271
188 1624
189 875
189 1067
189 1981
190 459
190 759
190 1785
190 2101
192 985
192 1386
192 2355
193 588
193 1170
193 1851
194 294
194 726
194 2440
195 207
195 266
195 566
197 698
197 1502
197 1929
197 2217
198 1021
198 1720
198 2433
199 338
199 592
199 1454
199 2304
200 575
200 861
200 1625
200 1846
201 288
202 264
202 2288
202 2390
203 1313
203 1862
203 2277
204 872
204 1353
204 1394
205 930
205 1704
205 2033
206 1165
206 2095
207 273
207 1685
207 1717
208 518
208 2028
209 735
209 1613
209 1614
209 2218
210 626
210 1702
210 2119
211 671
211 1906
212 813
212 1383
212 1863
213 899
213 2027
214 228
214 651
214 882
214 1503
215 499
215 1599
215 1909
215 1932
216 413
216 489
216 761
216 1366
217 753
217 1469
217 1836
218 242
218 760
218 1304
218 1670
219 709
219 1532
219 2023
220 305
220 1482
220 1719
221 1059
221 1415
221 2437
222 2280
222 2283
223 1113
223 1177
223 1974
224 662
224 1692
225 1938
225 2213
226 550
226 729
226 1312
226 2204
227 769
227 1058
227 1595
227 1766
228 774
228 1644
228 1781
229 292
229 308
230 614
230 1727
231 340
231 709
232 1071
232 1399
233 1597
233 1817
234 703
234 2299
235 903
235 1100
235 1939
236 1233
236 1847
236 2138
237 1420
237 1841
238 1113
238 1625
238 1846
239 411
239 527
239 975
240 403
240 1509
240 1953
240 2273
241 1395
241 1653
241 1933
241 2042
242 481
242 710
242 1636
243 1427
243 1771
244 1395
244 2042
244 2129
245 408
245 786
245 1373
246 455
246 532
246 1004
246 1422
247 1080
247 1157
247 1500
247 1874
248 640
248 1203
248 1715
248 1979
249 256
249 1044
249 2202
250 449
250 2077
251 1176
251 1196
251 2315
252 1916
252 2193
253 1154
253 2017
254 787
254 1794
254 2135
255 2164
256 700
256 1154
257 410
257 792
257 2075
258 892
258 2260
259 1156
260 902
260 1709
261 418
261 1729
261 2432
262 356
262 1541
262 1763
263 625
263 977
263 1413
264 365
264 790
265 377
265 1563
266 1717
266 2379
267 657
267 1099
267 1338
267 2153
268 441
268 905
268 2081
268 2207
269 1138
269 1330
269 1350
269 1356
270 701
270 865
270 1357
271 876
271 1467
272 1591
272 1816
273 1697
273 1730
273 1813
274 947
274 1307
274 1535
275 635
275 1926
276 321
276 1922
277 2396
277 2420
277 2424
278 2046
278 2100
279 630
279 1426
279 1439
279 2117
280 285
280 1241
280 1443
281 558
281 1956
282 663
282 2015
283 2197
283 2440
284 476
284 2436
285 350
285 532
285 2422
286 879
286 1728
287 725
287 2361
287 2372
288 1157
288 1500
289 1667
289 2246
290 1604
290 1822
291 960
291 976
292 1060
293 759
293 922
293 2153
294 355
294 1772
295 526
295 1668
296 339
296 1799
297 374
297 878
298 392
299 439
299 1073
299 1833
300 994
301 1273
301 1322
301 2178
302 1221
302 1757
303 1752
303 1823
304 367
304 763
304 1426
304 1810
305 436
305 672
305 972
306 1134
306 1833
306 2102
307 1013
307 1606
307 1884
307 2159
308 2044
309 619
309 1545
309 2126
310 415
310 1106
310 2206
311 1397
311 1864
311 1950
312 1402
312 1678
313 333
313 439
313 1825
314 1009
314 1239
314 1468
314 1796
315 1063
315 1279
315 1288
315 1516
316 998
316 2114
317 1186
317 1617
318 577
318 763
318 1265
318 1894
319 534
319 991
319 1761
320 582
320 894
320 1653
320 2042
322 462
323 1457
323 1876
324 912
324 2225
325 1573
326 941
326 1443
327 424
327 856
327 1755
328 1672
328 2284
329 771
329 1025
329 1390
329 1707
330 1149
330 1378
331 1139
331 1809
331 2082
332 524
332 1074
333 514
333 1934
333 2103
334 844
334 1582
335 378
335 1960
336 387
336 1043
336 1520
336 1714
337 1983
337 2285
338 474
338 894
338 1653
339 2357
340 552
340 1941
341 1694
341 1805
341 2194
341 2292
342 1361
342 1444
342 2162
343 463
343 744
343 1548
343 1811
344 1534
344 1821
345 1631
346 1436
346 1895
347 1013
347 1433
347 1546
347 2159
348 420
348 1428
348 2309
349 460
349 1188
349 2035
349 2188
350 874
351 984
351 2131
352 1902
352 2142
353 653
353 1056
353 1504
353 2263
354 824
354 1407
354 1732
355 726
355 1959
356 722
356 1387
357 1352
357 1462
358 400
358 584
359 579
359 1477
359 1780
360 751
360 849
360 2224
360 2368
361 685
361 1783
361 1789
361 1823
362 393
362 1676
363 1105
363 1711
363 1912
364 1226
364 1287
366 1155
366 2241
367 1012
367 1397
367 1864
368 1342
368 1993
369 493
369 767
370 1014
370 2071
370 2447
371 880
372 2126
372 2172
373 606
373 822
373 1168
373 2066
374 1229
374 1731
374 1910
375 769
375 1475
376 1685
376 1809
376 2193
377 1666
379 946
379 1251
380 657
380 1338
380 1438
380 1642
381 1526
381 2124
382 1337
382 1852
383 1428
383 2309
383 2441
384 2282
384 2330
385 1314
385 2091
386 545
386 1117
387 939
387 1330
387 1356
388 1189
388 1699
389 641
389 670
389 1348
390 1213
390 1340
391 1464
391 2273
392 1076
393 1078
394 927
395 627
395 666
395 1826
396 1829
396 2244
397 744
397 798
397 1269
397 1811
398 414
398 944
398 975
398 1032
399 1604
400 943
400 1703
401 525
401 597
401 775
401 1412
402 572
402 853
402 1311
402 2069
403 1023
403 1725
403 2065
404 584
404 1512
405 914
405 938
406 755
406 1842
407 1133
407 1222
408 500
408 1277
408 1925
409 1024
409 1133
409 1253
410 783
410 819
411 952
412 799
412 1194
413 798
413 1018
413 1269
414 952
414 1448
415 956
415 1949
416 923
416 933
417 848
418 2005
418 2283
419 857
420 2321
421 496
421 1013
421 1546
421 1592
422 828
422 1530
422 1744
423 783
423 819
423 2345
424 715
425 1011
425 1260
425 1986
425 2010
426 1764
426 2056
427 1442
427 1465
427 1715
427 1979
428 2005
428 2283
428 2429
429 547
429 921
430 1437
430 2025
430 2130
430 2181
431 1797
432 640
432 1203
432 1293
432 2089
433 922
433 1001
434 1088
434 1215
436 995
436 1882
437 583
437 585
437 1431
437 1687
438 1053
438 1280
439 1605
439 2103
440 1185
440 1348
440 1421
440 2169
441 1596
441 2313
442 1450
442 2038
443 1000
443 1005
443 1033
443 2243
444 885
444 1770
445 519
445 2249
446 1698
446 2036
446 2318
447 791
447 1477
448 612
448 884
448 2379
449 1494
450 2384
450 2412
451 587
451 1557
451 1921
452 486
452 508
453 771
453 1390
453 2072
454 764
454 895
454 1075
454 2301
455 1335
455 1773
456 1135
456 1295
457 1442
457 1979
457 2019
457 2200
458 1497
458 1803
459 947
459 1307
459 1843
460 1210
460 1221
461 1161
461 1769
462 1452
463 870
463 1011
463 1909
464 1681
464 1762
465 1001
465 1151
465 2269
466 497
466 948
466 1010
467 1410
467 1442
467 2019
467 2137
468 512
468 1828
468 2300
469 936
469 940
469 2186
470 976
470 1463
471 724
471 2344
472 1178
472 1286
472 2085
473 582
473 894
473 973
473 1488
474 712
474 1454
474 2192
475 1325
475 1471
476 820
477 1559
478 1057
478 1080
478 1157
479 719
480 811
480 885
481 845
481 1304
481 1696
482 980
482 2143
483 505
483 1564
483 2120
484 510
484 1081
484 1085
485 1708
486 520
487 1253
487 1360
487 2235
488 1209
488 1822
488 2419
489 798
489 1749
489 2210
490 833
490 955
490 1839
492 498
492 1233
493 1423
494 919
494 1419
495 1218
495 1231
495 2021
496 1148
496 2162
496 2174
497 1887
497 1893
498 1661
499 1553
499 2210
500 786
500 1992
501 2246
501 2303
502 1018
502 1065
502 1269
502 1664
503 698
503 774
503 1268
503 1502
504 757
504 1062
504 1673
504 2196
505 2077
506 713
506 996
506 1291
506 1669
507 787
507 1039
507 1681
507 2135
509 2282
509 2341
509 2430
510 513
510 1017
510 1807
511 1093
511 1671
511 2270
512 876
513 1705
513 1940
513 2039
514 1645
514 2045
515 1238
516 743
516 1315
517 1250
517 2029
517 2078
518 2165
519 1871
520 2062
521 932
521 1190
522 1183
522 1205
523 529
523 2147
523 2388
524 1521
525 685
525 1167
525 1789
526 1601
527 999
527 2166
527 2209
528 781
528 1550
528 1855
529 1271
530 1527
530 1850
530 1976
530 2212
531 1997
531 2199
532 1241
533 1031
533 1883
534 1879
535 882
535 1276
535 1569
535 1936
536 1211
536 2058
536 2286
536 2305
537 1331
537 1926
538 571
538 634
538 831
538 2198
539 2116
540 788
540 1017
540 1138
540 1350
541 556
541 871
541 1459
542 1500
542 1874
543 786
543 1217
543 1992
543 2342
544 556
544 636
544 1431
545 1997
546 1267
546 2439
547 811
548 619
548 1098
548 2126
549 886
549 1615
550 659
550 1503
550 1955
551 1300
551 1917
551 2384
551 2412
552 709
552 2208
553 1083
553 2086
554 665
554 1344
554 1437
554 2155
555 1284
556 686
556 1984
557 949
557 1641
557 2016
557 2443
558 564
558 1160
559 1603
559 2307
560 1326
560 2361
560 2372
561 687
561 1110
562 1647
562 2083
563 597
563 775
563 1084
563 2243
564 1458
564 2321
565 1449
565 1536
565 2442
566 1139
567 1920
567 2028
568 1050
568 1209
568 2073
568 2419
569 1199
569 1785
569 1815
569 2101
570 1158
570 2180
571 1435
571 1913
572 845
572 1696
572 1894
573 874
573 954
574 732
574 1621
575 1327
575 2065
575 2312
576 1881
577 853
577 1383
577 1863
578 1588
578 1607
579 838
580 2149
581 881
581 1782
581 1872
581 2052
582 1371
582 1958
583 804
583 1230
583 2051
584 943
585 1126
585 2051
586 1493
587 2172
588 1324
588 1988
588 2230
589 855
589 1589
589 1827
590 752
590 1495
590 1520
590 1714
591 993
591 1668
592 894
592 973
592 1808
593 836
593 1343
593 1768
593 1955
594 772
594 1720
595 1476
596 974
596 1629
597 1552
598 1226
598 1743
599 827
599 938
599 1038
599 1406
600 608
600 2009
601 781
601 1550
601 2081
602 1195
602 1802
603 753
603 1318
603 1754
603 1836
604 1400
605 831
605 1141
606 656
606 2011
607 763
607 1696
607 1810
607 1894
608 1869
609 1294
609 1762
610 933
610 1165
611 803
611 2252
611 2434
612 2399
613 818
613 1212
614 2259
615 634
615 831
616 771
616 1527
616 2072
616 2212
617 717
617 1876
618 1472
618 1887
618 1893
618 2094
619 2390
620 815
621 948
621 1945
622 1381
623 907
623 1704
624 793
624 1386
625 1070
625 1528
625 2137
626 1275
626 1409
626 2067
627 904
628 1459
628 1552
628 1606
628 2159
629 1765
629 2099
630 1079
630 1323
630 1346
631 655
631 855
631 1543
631 2013
632 940
632 1818
632 2186
633 662
633 1837
634 1185
634 1396
635 1127
636 1126
636 1481
636 1984
637 984
637 2255
638 2068
638 2136
638 2168
638 2190
639 1956
639 2197
640 1595
640 1766
641 1656
642 1411
642 1525
643 868
644 796
644 1123
644 1252
645 1038
645 1190
645 2423
646 986
646 1189
647 1848
647 2350
648 738
648 2308
649 1924
649 1927
649 2217
650 827
650 1038
650 1190
651 690
651 698
651 774
652 1153
652 1650
652 1807
652 2090
653 1610
653 2179
653 2248
654 1030
654 1914
655 999
655 1951
655 2209
656 1166
656 1777
656 2066
657 881
657 1260
658 985
659 1312
659 1580
660 944
660 1032
660 1242
660 1745
661 1332
661 2325
661 2364
662 2410
663 1210
663 1221
664 960
665 764
665 805
665 1391
666 1739
667 702
667 853
667 1383
667 2069
668 1510
668 1513
668 2307
669 900
669 1143
669 1872
669 2049
670 1174
670 1239
670 1516
671 2412
672 1403
672 1482
673 864
673 1575
674 862
674 1950
674 2295
675 1791
675 2097
676 784
676 1305
676 1737
677 1618
677 1758
678 955
678 1528
678 1706
678 1839
679 1286
679 1611
679 1835
680 865
680 1649
680 1741
681 1427
681 1771
681 1870
681 1980
682 2150
682 2233
683 685
683 1040
683 1752
683 1823
684 1464
684 1509
684 2273
685 1412
686 871
686 1504
686 2263
687 904
688 1466
688 1935
689 1660
689 2275
690 836
690 1503
690 1955
691 752
691 1091
691 1741
691 2278
692 1782
692 1880
692 1986
693 1070
693 1442
693 1465
693 2137
694 705
694 1655
695 938
695 1038
695 2423
696 750
696 1112
697 924
697 1650
697 1754
697 2109
698 836
699 1628
699 1722
699 1747
700 1044
701 1562
701 2094
702 1626
702 2265
703 1380
704 1476
704 1773
704 2320
705 1821
706 814
706 1375
706 2385
707 809
707 1991
707 1996
708 1469
708 2050
708 2152
710 760
710 1501
711 982
711 1246
712 779
712 1653
712 1933
713 936
713 1968
713 2186
714 1623
715 856
715 1724
716 1178
716 2085
716 2293
717 817
718 1372
718 1608
719 915
720 1608
720 2097
721 1570
721 1957
721 2059
721 2096
722 1763
723 1046
723 1920
724 1796
725 1325
726 773
727 769
727 1475
727 1530
727 1766
728 2020
728 2356
728 2375
729 1880
729 1986
729 2010
730 1364
730 1490
730 1892
731 741
731 1873
732 1053
733 1006
733 1377
734 835
734 1571
734 1573
735 1371
735 1430
735 1958
736 756
736 1746
737 1775
737 2035
737 2267
738 2127
739 1006
739 1117
740 1382
740 1387
740 1555
741 2262
742 2116
742 2127
743 2256
744 2134
745 812
745 1959
746 1263
746 1947
747 1447
747 2191
748 946
748 1215
748 1847
749 1061
749 1172
749 2062
750 2006
750 2383
751 1349
751 1401
752 1689
752 1977
753 1257
754 1010
754 2238
755 1879
756 2258
757 1167
757 1204
757 1890
758 1680
759 1264
759 1307
760 1134
760 2261
761 896
761 1018
761 2237
762 1131
762 1813
763 1864
764 1031
764 1344
765 777
765 913
765 2125
766 2173
768 1050
768 2073
769 2105
770 1445
770 1681
770 2135
771 951
772 1751
772 1759
772 1801
773 2440
774 1948
775 1167
775 1890
776 810
776 829
777 1895
777 1999
778 1246
778 2300
779 1363
779 1626
779 2192
780 908
780 1197
780 1299
780 1797
781 1400
782 1483
782 1565
782 2306
783 1498
783 2366
784 2149
785 1158
786 1120
787 2195
788 925
788 1081
788 1622
789 1003
789 1182
789 2446
790 1436
790 2288
790 2426
791 2080
792 819
792 1290
793 1152
793 2203
794 1336
794 1401
795 1278
796 1227
797 1246
798 1932
799 2142
800 1387
800 1555
800 2088
801 809
801 1731
801 1910
801 1991
802 920
802 1506
802 1792
802 1928
803 2341
803 2430
804 1687
804 2150
805 1031
805 1179
806 886
806 1059
806 1415
807 1424
807 1657
808 1620
808 2327
809 947
809 1535
810 1282
812 1042
813 1915
814 1573
814 1908
815 1310
816 1665
817 1176
818 1201
820 1672
821 2092
822 1987
822 2011
823 1175
823 1624
824 1023
824 2065
824 2312
825 1649
825 1988
825 2230
826 1108
826 1114
826 1907
828 992
828 1368
829 1632
830 1009
830 1239
830 1288
830 1516
832 1775
832 1832
832 2171
832 2267
833 901
833 2333
834 1304
834 1670
834 2304
835 862
835 1677
835 2295
836 1929
837 1232
837 1860
838 2219
839 996
839 1018
839 1664
839 2237
840 1767
840 1778
841 1298
841 1432
842 2170
842 2201
843 1339
843 2359
845 1311
845 1683
846 2024
846 2098
847 1322
847 1583
847 2063
848 960
848 1515
850 1364
850 1490
850 1496
850 2242
851 1213
851 1340
851 1659
852 1121
853 1894
854 1035
854 1055
854 1694
854 2292
855 1542
855 1566
856 883
857 911
858 1646
859 1453
859 2353
859 2363
860 890
860 2043
861 1725
861 2065
861 2254
862 2157
863 1322
863 1583
864 2259
865 1562
865 1689
866 1812
866 1930
867 1326
867 2294
868 1508
868 2348
869 1041
869 2030
870 1438
870 1642
871 1533
871 1861
872 1080
872 1874
872 2018
873 1497
873 1521
874 2422
875 1217
875 1328
875 2342
876 1828
877 961
877 1102
877 1652
877 1875
878 1262
878 1731
879 1532
879 1654
879 2023
880 1919
881 931
881 1099
882 1781
883 1949
884 1131
886 1643
887 901
887 1077
887 1474
888 2322
889 1041
889 1211
889 2286
890 2257
891 1193
891 1820
891 1941
892 2151
893 1102
893 1382
893 1652
895 1344
895 1472
895 1776
896 1079
896 1137
896 1366
897 1621
898 1091
898 1705
898 2278
899 1969
899 1972
899 2108
900 1024
900 1034
900 1308
901 1795
901 1839
902 1511
903 1169
903 1814
905 988
905 1303
905 2175
906 1998
906 2298
907 979
907 1922
908 1144
908 1199
908 1815
909 2154
910 1090
911 1854
912 1116
912 2381
913 1164
914 989
914 1634
915 1450
915 2038
916 1369
916 1712
917 1248
917 1586
918 1103
918 1174
918 1279
918 1516
920 1035
920 1301
922 1370
922 2161
923 1947
924 1257
924 2061
925 1350
925 1824
925 2264
926 2220
926 2226
927 1317
928 1455
928 1608
928 1916
929 1551
929 1588
929 1607
930 1270
930 2079
930 2115
931 1260
931 1782
931 1986
932 982
934 1635
934 2402
935 1726
935 1734
936 963
936 1982
937 1254
937 1705
937 2039
937 2278
938 1634
939 1043
939 1151
939 1308
940 1760
941 1467
941 2394
942 1336
942 1601
943 1674
944 1962
944 2166
945 2188
947 1910
948 1893
948 2141
949 1619
950 971
950 1148
950 1361
950 2162
951 1025
951 2212
952 975
952 2427
953 1466
953 1935
953 2173
954 1637
955 1316
955 2053
956 2169
956 2206
957 1337
957 1554
957 1852
958 1173
959 992
959 1430
959 1628
961 1181
961 1527
961 2072
962 1218
962 1468
962 2021
963 1276
963 1936
963 1968
964 1273
964 1855
964 2331
965 1587
965 1848
966 1048
966 1553
966 1648
967 1583
967 1951
967 2063
967 2209
968 1042
968 1680
969 1069
969 2374
970 1305
970 1737
971 1293
971 1368
971 1899
972 1403
972 1732
972 1882
973 1171
973 1451
974 1066
975 2166
977 1070
977 1313
977 2032
978 1364
978 1562
979 1704
980 1339
981 1404
981 1749
981 2210
983 1068
983 1303
983 1691
985 1630
986 2140
987 1101
987 1324
987 1740
987 2230
988 2236
989 2205
990 1367
990 2276
991 1287
992 1613
993 1411
994 2316
995 1008
995 1859
996 1323
996 1968
997 1393
997 1502
997 1927
997 2217
998 1389
998 1965
999 1543
999 2302
1000 1433
1000 1546
1000 1928
1001 1602
1001 2184
1002 1472
1002 1776
1002 2094
1003 1518
1004 1335
1005 1506
1005 1788
1005 1928
1007 1060
1007 1146
1008 1198
1008 1631
1011 1438
1011 1548
1012 1351
1012 1426
1012 2117
1013 2279
1014 1159
1015 1888
1015 2002
1016 1690
1016 2054
1017 1081
1017 2039
1019 1420
1019 1999
1019 2426
1020 2120
1021 2236
1022 2214
1023 2273
1024 1824
1024 2049
1026 1318
1026 1510
1026 1576
1026 1836
1027 1113
1027 1177
1027 1625
1028 2227
1029 1275
1029 1409
1029 2276
1030 1898
1031 2301
1032 1162
1032 1448
1033 1204
1033 1788
1033 1890
1034 1330
1034 1350
1034 1824
1035 1506
1035 1891
1036 1365
1036 2344
1037 1094
1037 2041
1040 1412
1040 1533
1040 1610
1041 1408
1041 2048
1043 1892
1043 2184
1044 1213
1045 1113
1045 1723
1045 1974
1046 2144
1047 2382
1047 2436
1048 1197
1048 1299
1048 1633
1049 1140
1049 1302
1050 1765
1051 1187
1051 1727
1051 2289
1052 1257
1052 1547
1052 2061
1053 1675
1054 1130
1054 1930
1055 1786
1055 1885
1055 1891
1056 1558
1056 2232
1056 2248
1057 1118
1058 1577
1058 2105
1059 1736
1061 2083
1062 1167
1062 1789
1062 1975
1063 1153
1063 1513
1063 2090
1064 2087
1064 2214
1065 1569
1065 1936
1066 1629
1067 2220
1067 2226
1067 2342
1068 1470
1068 1862
1069 1367
1069 2276
1069 2362
1070 1220
1071 1519
1072 1328
1072 1794
1072 1831
1073 1171
1073 2103
1075 1472
1075 1893
1075 2141
1076 1538
1077 1550
1077 1795
1077 1855
1079 1439
1079 2237
1082 1243
1082 2229
1083 1582
1084 1433
1084 1552
1084 2159
1085 1125
1086 1490
1086 1602
1086 1892
1086 2184
1087 1618
1089 1379
1089 1644
1089 1781
1089 1982
1090 1462
1091 1774
1092 1119
1092 1351
1092 2117
1092 2211
1093 1094
1094 1671
1095 1607
1095 2118
1096 1238
1097 1557
1097 1905
1097 2060
1098 1746
1098 2390
1099 1370
1099 2052
1100 1814
1101 1484
1101 1901
1101 1944
1103 1125
1103 1421
1104 1570
1104 1786
1104 1934
1104 1995
1105 1215
1105 1847
1105 2138
1106 1943
1106 1949
1107 1368
1107 1899
1107 2122
1108 2281
1109 1491
1109 1964
1110 1632
1111 1169
1111 2026
1112 2009
1114 1476
1114 1773
1115 1124
1115 1623
1118 2354
1119 1208
1119 1736
1120 1217
1121 1718
1121 2219
1121 2389
1122 1568
1122 2421
1123 1227
1123 1446
1125 1279
1126 1431
1126 1967
1127 1248
1128 1263
1128 1534
1129 1477
1129 1780
1130 1319
1131 1142
1132 1630
1133 2049
1134 1404
1134 1670
1135 1983
1136 1491
1136 1587
1137 1439
1137 1501
1138 1254
1138 2039
1140 1270
1140 2079
1142 2048
1143 1151
1143 1308
1143 2269
1144 1299
1144 1599
1145 1733
1145 1742
1146 2376
1147 1803
1147 1896
1148 1792
1148 1899
1149 1536
1150 1519
1150 1682
1151 2184
1152 1478
1152 1544
1152 2145
1153 1279
1155 1398
1156 2043
1159 1802
1160 2321
1161 1906
1162 1745
1162 1923
1162 1953
1163 2160
1163 2328
1163 2346
1164 1918
1164 2180
1166 1305
1168 1713
1170 1274
1170 1988
1170 2238
1171 1645
1171 1808
1172 1281
1173 2285
1174 1348
1174 1421
1175 1574
1176 1256
1177 1684
1178 2150
1178 2233
1179 1391
1180 2014
1180 2234
1181 1393
1181 1875
1181 1927
1182 1187
1182 1727
1183 2239
1184 1607
1184 2118
1185 1819
1188 1554
1188 1695
1191 1763
1192 2245
1193 2247
1193 2393
1194 1921
1194 1963
1195 2158
1198 1388
1198 1859
1199 1797
1200 1812
1201 1803
1202 1937
1203 1361
1203 1444
1204 2194
1204 2196
1205 1914
1206 2252
1206 2357
1206 2434
1207 1543
1207 1994
1207 2228
1207 2302
1208 1340
1208 1659
1208 2211
1210 2035
1211 2048
1212 2359
1214 1523
1214 2225
1215 1711
1216 2095
1216 2148
1217 1954
1218 1603
1219 1278
1220 1465
1220 2032
1220 2266
1222 1343
1222 1880
1223 1417
1224 1494
1225 2085
1225 2279
1225 2293
1228 1688
1228 1998
1228 2450
1229 1843
1231 1603
1231 2015
1232 1441
1232 2106
1234 1283
1234 1345
1234 1885
1234 1891
1235 1863
1235 1950
1235 2295
1236 1514
1236 1551
1237 1388
1237 1798
1237 1859
1238 1450
1240 1673
1240 1771
1241 1422
1242 1567
1242 1572
1242 1962
1243 1742
1244 1992
1244 2220
1244 2342
1245 1615
1245 1857
1245 2355
1246 1952
1247 1291
1247 1659
1247 1669
1247 2211
1249 1663
1249 1775
1249 2171
1250 1568
1251 1734
1252 1539
1253 1824
1253 2264
1254 1356
1254 1977
1255 1490
1255 1496
1255 1602
1256 1593
1257 1754
1258 1440
1258 1770
1259 1274
1259 1357
1259 1988
1260 1438
1261 2002
1261 2428
1262 1584
1264 1338
1264 1785
1264 2153
1265 1863
1265 1864
1265 1950
1266 2425
1267 2104
1268 1390
1268 1948
1271 1463
1272 1342
1272 2376
1273 1474
1273 2358
1274 1887
1275 1544
1275 2374
1276 1781
1276 1982
1277 1373
1277 2190
1278 1522
1278 2339
1280 1675
1281 1525
1282 1374
1283 1488
1283 2218
1284 1603
1284 2307
1285 1434
1285 1524
1286 1687
1286 2150
1288 1513
1289 1726
1289 2222
1290 1946
1290 2075
1291 1323
1291 1346
1292 2249
1293 1361
1293 1744
1294 1902
1295 2378
1296 1809
1296 2082
1296 2193
1297 1313
1297 2032
1297 2277
1298 1400
1298 1581
1299 1553
1300 2037
1300 2332
1301 1345
1301 1891
1301 2122
1302 1869
1303 2207
1304 1683
1306 1398
1306 1716
1308 1330
1310 1779
1311 1454
1311 2192
1312 2010
1312 2134
1314 1385
1315 2046
1316 1410
1316 1528
1316 2137
1317 1677
1318 1738
1319 2396
1319 2424
1320 1396
1320 2156
1321 1354
1321 1392
1323 2237
1324 1851
1324 1944
1326 2367
1326 2391
1327 1403
1327 1625
1328 1954
1329 1866
1329 2092
1331 2163
1332 2382
1332 2417
1333 1436
1333 1895
1333 1999
1333 2426
1334 1735
1334 1755
1335 1728
1337 1867
1339 2143
1340 1736
1341 1966
1341 2111
1343 2204
1344 1616
1345 1614
1345 2218
1346 2117
1346 2211
1347 1960
1347 2100
1349 2144
1349 2224
1351 1397
1353 2435
1354 2202
1355 1617
1356 1520
1357 1887
1357 2094
1358 2004
1358 2128
1359 2026
1359 2084
1360 1435
1360 2156
1360 2264
1362 1751
1362 1801
1362 2221
1362 2448
1363 1933
1363 2024
1363 2098
1364 1609
1365 1473
1365 1943
1366 1749
1367 2074
1368 1744
1369 2132
1370 2153
1371 1488
1371 2218
1372 1537
1372 1889
1374 1588
1374 1597
1375 1647
1376 1778
1379 1429
1380 1563
1381 2034
1382 1850
1384 1671
1385 2215
1386 2055
1386 2203
1387 1541
1389 1856
1390 1710
1391 1437
1391 2181
1392 2205
1393 2072
1394 2018
1394 2195
1395 1486
1395 1990
1396 1819
1396 2198
1397 2437
1399 2154
1402 2395
1403 2312
1404 2102
1404 2261
1405 1579
1405 2260
1406 1634
1406 2398
1407 1798
1407 2183
1408 1674
1408 2030
1409 1702
1409 2432
1410 2053
1413 1528
1413 1706
1414 1840
1414 1841
1414 2314
1415 1643
1415 2274
1416 1423
1417 1790
1418 1483
1418 1985
1418 2306
1419 1767
1419 2438
1421 1819
1423 1853
1423 2213
1425 2222
1425 2316
1427 1701
1428 1458
1428 2321
1429 1644
1429 1710
1430 1613
1430 2129
1431 1611
1432 1517
1433 2243
1434 1675
1435 2198
1435 2235
1440 2099
1441 1867
1443 2394
1443 2422
1444 1979
1444 2200
1445 1485
1446 2036
1446 2318
1448 1923
1449 2022
1451 1488
1451 1645
1452 1693
1453 2084
1454 1683
1455 2319
1455 2373
1456 1561
1457 1709
1459 1835
1459 1861
1460 1972
1460 2131
1461 1791
1463 1489
1465 1627
1466 1777
1471 1658
1473 2223
1473 2297
1474 1855
1474 2178
1475 2070
1478 2007
1478 2067
1478 2203
1479 1805
1479 1980
1479 2194
1479 2196
1480 1673
1480 1771
1480 1980
1480 2196
1481 1566
1481 1967
1481 2216
1482 1684
1484 1547
1484 1740
1484 2177
1485 2135
1486 1933
1486 1970
1486 2098
1487 1529
1487 1547
1487 1740
1487 2061
1491 1585
1492 2182
1493 1881
1495 1562
1495 1689
1496 1690
1496 2054
1498 1522
1498 2345
1498 2387
1499 1700
1499 2037
1499 2332
1501 1636
1504 1558
1504 1984
1505 1904
1506 1694
1507 1756
1507 1912
1509 2146
1509 2250
1510 1738
1512 1663
1512 2171
1513 1738
1514 1635
1517 2012
1518 1779
1518 2446
1519 2151
1520 1977
1522 2352
1523 1784
1526 1769
1526 2044
1527 1652
1529 1774
1529 2287
1530 2070
1530 2089
1531 1579
1531 2317
1532 2329
1533 2263
1535 1996
1535 2311
1537 1608
1537 1916
1538 2115
1539 2191
1540 2421
1541 1735
1542 1543
1542 1827
1542 1994
1544 1600
1544 2067
1545 1905
1546 2174
1547 2050
1548 2010
1548 2134
1549 1661
1549 1743
1550 2313
1552 1861
1553 1599
1554 2035
1554 2267
1555 1850
1555 1976
1556 1804
1556 2420
1557 2172
1558 1640
1558 2216
1559 2071
1559 2447
1560 1690
1560 2311
1564 1816
1564 2014
1564 2234
1565 1763
1566 1589
1566 2013
1567 1679
1567 1745
1567 2444
1568 2078
1569 1580
1570 1825
1570 2000
1571 2295
1572 2228
1572 2444
1574 2112
1575 2356
1575 2375
1577 1595
1577 1627
1577 2108
1578 1878
1580 2134
1581 2331
1584 1731
1584 1991
1586 1700
1586 2332
1587 1612
1587 1946
1589 1640
1589 2216
1590 1921
1590 1963
1592 2162
1592 2279
1593 2284
1594 1889
1594 1901
1594 2152
1595 1715
1596 1706
1596 2207
1598 1612
1598 1904
1600 2145
1600 2374
1604 2140
1605 1633
1606 1835
1609 1776
1609 2242
1610 1752
1610 2263
1611 1687
1612 1903
1614 2122
1615 1643
1615 2055
1616 1776
1616 2155
1616 2242
1618 2351
1618 2386
1619 1641
1619 1897
1620 1966
1622 2156
1622 2264
1626 2024
1626 2069
1627 1715
1627 2266
1628 2129
1629 2309
1629 2441
1633 1648
1636 1696
1636 1810
1637 2022
1638 2168
1638 2190
1639 1896
1639 2128
1640 2232
1641 1748
1643 1857
1644 1948
1645 2103
1646 1939
1648 2102
1649 2287
1650 1940
1651 1993
1652 1850
1654 1712
1655 1721
1656 2206
1657 2262
1658 2110
1659 1818
1660 2256
1662 1931
1662 2235
1664 1936
1664 1968
1665 1873
1666 1830
1669 1818
1669 2186
1670 1833
1671 2041
1673 1975
1674 1703
1676 2148
1677 2157
1679 2146
1679 2250
1682 1693
1682 2170
1683 2304
1685 1730
1686 1834
1686 2392
1688 1704
1688 2033
1689 1741
1691 1862
1691 2207
1692 2199
1693 1800
1694 1788
1695 2188
1697 1806
1697 2058
1697 2305
1698 1992
1699 1772
1701 1870
1702 2280
1703 1849
1705 2109
1707 1710
1708 2257
1710 1948
1712 2023
1713 1858
1713 2066
1713 2370
1714 1892
1716 2275
1717 1813
1718 2247
1719 1963
1720 1759
1723 2012
1724 2223
1724 2297
1725 1923
1725 1953
1728 1773
1728 2320
1729 2005
1729 2443
1730 1806
1732 1798
1732 2312
1733 2158
1735 1753
1737 1897
1738 2090
1740 2287
1742 2020
1744 2089
1745 2146
1748 2005
1748 2429
1748 2443
1749 2261
1750 1911
1750 2241
1752 2179
1753 1755
1756 1860
1757 2272
1758 2040
1758 2351
1760 2202
1761 1879
1761 2087
1764 1783
1766 2089
1768 1929
1768 1931
1772 1959
1774 2061
1777 2253
1783 2056
1786 2045
1786 2292
1787 1874
1787 2018
1787 2323
1788 2194
1789 2056
1790 2297
1791 2319
1792 2174
1793 1845
1794 1954
1794 2195
1795 2313
1798 1882
1799 2104
1800 2170
1804 1886
1805 1995
1805 2310
1807 1940
1808 2304
1811 1909
1811 1932
1813 2305
1814 2107
1820 2208
1820 2393
1825 1934
1825 1957
1826 2227
1829 2392
1831 2018
1831 2195
1831 2323
1832 1852
1837 2123
1837 2410
1838 2132
1838 2189
1840 2258
1840 2290
1841 1937
1842 2030
1843 1910
1843 2101
1844 1919
1844 2317
1845 2251
1846 2254
1849 2291
1851 2097
1852 2267
1853 2029
1854 2073
1856 1965
1857 2274
1858 2425
1859 1882
1860 2106
1865 1965
1865 2027
1866 2389
1867 2106
1868 2025
1868 2130
1868 2167
1868 2240
1870 2096
1870 2310
1871 1888
1872 2269
1877 1983
1877 2285
1878 2111
1880 2204
1883 1945
1883 2301
1884 2085
1884 2279
1885 2045
1886 1961
1890 2243
1895 2125
1900 2239
1900 2395
1901 2177
1903 1946
1903 2075
1904 1964
1905 2126
1905 2172
1907 2281
1908 2031
1908 2385
1911 2327
1912 2138
1913 1924
1913 1931
1913 2235
1915 2031
1915 2271
1916 2373
1917 2037
1918 2289
1923 2254
1924 1971
1925 2068
1925 2190
1928 2174
1929 1971
1931 1971
1932 2210
1934 2045
1937 2314
1938 1981
1940 2109
1941 2208
1942 2121
1942 2147
1942 2268
1943 2223
1945 2141
1951 2013
1952 2300
1953 2146
1955 2204
1958 2042
1958 2129
1961 2160
1961 2346
1962 2228
1962 2302
1967 2013
1969 2032
1969 2266
1970 1990
1971 2217
1973 2016
1973 2386
1973 2443
1975 2056
1976 2088
1976 2231
1977 2278
1978 2116
1978 2369
1980 2310
1981 2226
1984 2216
1985 2113
1987 2428
1989 2080
1989 2360
1995 2000
1995 2292
1996 2167
1996 2240
2000 2096
2000 2310
2001 2034
2003 2057
2003 2325
2004 2308
2006 2113
2007 2119
2008 2229
2011 2428
2014 2121
2019 2293
2022 2442
2024 2265
2029 2213
2033 2079
2033 2450
2034 2245
2040 2074
2047 2058
2047 2286
2050 2177
2051 2063
2052 2269
2053 2233
2054 2155
2054 2242
2055 2355
2057 2086
2062 2083
2064 2114
2064 2322
2064 2445
2066 2253
2067 2119
2068 2318
2069 2192
2074 2362
2076 2201
2078 2421
2081 2175
2081 2313
2086 2325
2086 2364
2091 2326
2091 2380
2093 2290
2093 2336
2093 2397
2108 2266
2110 2337
2112 2277
2113 2133
2113 2383
2114 2377
2120 2234
2136 2221
2141 2301
2144 2380
2147 2255
2152 2177
2156 2198
2157 2274
2163 2337
2166 2302
2168 2221
2168 2448
2175 2236
2176 2322
2180 2289
2185 2219
2185 2389
2187 2329
2189 2298
2200 2293
2212 2231
2215 2343
2224 2326
2224 2380
2225 2381
2230 2287
2236 2433
2240 2311
2253 2370
2255 2268
2255 2388
2265 2271
2272 2365
2275 2294
2276 2374
2282 2338
2282 2349
2286 2291
2290 2354
2294 2367
2299 2324
2324 2353
2324 2363
2326 2368
2328 2334
2328 2335
2330 2347
2330 2349
2330 2431
2331 2358
2335 2346
2338 2430
2339 2352
2345 2352
2350 2371
2361 2391
2366 2387
2371 2439
2377 2445
2379 2399
2391 2415
2397 2435
2400 2404
2400 2418
2401 2402
2401 2409
2403 2411
2403 2416
2404 2411
2405 2408
2405 2416
2406 2413
2406 2414
2407 2408
2407 2409
2413 2418
2414 2415
